865.409	1651
865.325	1681
865.241	1663
865.157	1708
865.074	1784
864.99	1765
864.906	1828
864.822	1740
864.738	1745
864.654	1715
864.571	1742
864.487	1752
864.403	1778
864.319	1717
864.235	1807
864.152	1806
864.068	1795
863.984	1656
863.9	1797
863.816	1781
863.733	1877
863.649	1810
863.565	1732
863.481	1691
863.397	1751
863.314	1668
863.23	1771
863.146	1711
863.062	1679
862.979	1633
862.895	1722
862.811	1712
862.728	1648
862.644	1631
862.56	1607
862.476	1634
862.393	1513
862.309	1610
862.225	1576
862.142	1538
862.058	1608
861.974	1587
861.891	1481
861.807	1573
861.723	1488
861.64	1544
861.556	1540
861.472	1556
861.389	1556
861.305	1509
861.221	1547
861.138	1570
861.054	1640
860.97	1632
860.887	1640
860.803	1654
860.72	1630
860.636	1685
860.552	1694
860.469	1588
860.385	1634
860.302	1720
860.218	1723
860.134	1740
860.051	1688
859.967	1707
859.884	1711
859.8	1707
859.717	1846
859.633	1787
859.55	1713
859.466	1795
859.383	1864
859.299	1788
859.215	1792
859.132	1761
859.048	1824
858.965	1873
858.881	1851
858.798	1794
858.714	1874
858.631	1852
858.547	1784
858.464	1834
858.381	1813
858.297	1845
858.214	1933
858.13	1898
858.047	1830
857.963	1859
857.88	1836
857.796	1884
857.713	1801
857.629	1787
857.546	1854
857.463	1857
857.379	1830
857.296	1846
857.212	1799
857.129	1748
857.046	1718
856.962	1774
856.879	1827
856.795	1665
856.712	1650
856.629	1572
856.545	1728
856.462	1625
856.379	1614
856.295	1636
856.212	1656
856.129	1512
856.045	1555
855.962	1566
855.879	1688
855.795	1584
855.712	1612
855.629	1672
855.545	1649
855.462	1571
855.379	1551
855.295	1644
855.212	1605
855.129	1602
855.045	1693
854.962	1656
854.879	1679
854.796	1765
854.712	1750
854.629	1693
854.546	1715
854.463	1777
854.379	1761
854.296	1807
854.213	1768
854.13	1816
854.046	1802
853.963	1843
853.88	1816
853.797	1843
853.714	1812
853.63	1893
853.547	1855
853.464	1848
853.381	1820
853.298	1820
853.214	1833
853.131	1776
853.048	1896
852.965	1809
852.882	1871
852.799	1865
852.716	1991
852.632	1907
852.549	1919
852.466	1938
852.383	2000
852.3	1837
852.217	1886
852.134	1894
852.051	1875
851.967	1958
851.884	1884
851.801	1856
851.718	1905
851.635	1838
851.552	1895
851.469	1918
851.386	1946
851.303	1914
851.22	1951
851.137	2038
851.054	1943
850.971	1859
850.887	1934
850.804	1943
850.721	1883
850.638	1922
850.555	1875
850.472	1918
850.389	1843
850.306	1946
850.223	1981
850.14	1918
850.057	1943
849.974	1968
849.891	1975
849.808	1914
849.725	1904
849.642	1854
849.559	1871
849.476	1774
849.394	1829
849.311	1818
849.228	1801
849.145	1862
849.062	1780
848.979	1777
848.896	1643
848.813	1690
848.73	1794
848.647	1758
848.564	1758
848.481	1782
848.398	1688
848.316	1723
848.233	1709
848.15	1746
848.067	1784
847.984	1643
847.901	1728
847.818	1706
847.735	1733
847.653	1679
847.57	1680
847.487	1735
847.404	1755
847.321	1775
847.238	1756
847.156	1735
847.073	1775
846.99	1787
846.907	1749
846.824	1694
846.741	1857
846.659	1694
846.576	1826
846.493	1806
846.41	1796
846.328	1776
846.245	1759
846.162	1851
846.079	1819
845.996	1768
845.914	1875
845.831	1913
845.748	1921
845.665	1941
845.583	1919
845.5	1904
845.417	1919
845.335	1936
845.252	1983
845.169	1905
845.086	2016
845.004	2069
844.921	2015
844.838	2050
844.756	2031
844.673	2087
844.59	2108
844.508	2008
844.425	1981
844.342	2043
844.26	2036
844.177	2096
844.094	2173
844.012	2050
843.929	2095
843.846	2083
843.764	2178
843.681	2112
843.599	2133
843.516	2099
843.433	2049
843.351	2137
843.268	2107
843.186	2106
843.103	2101
843.02	2144
842.938	2098
842.855	2227
842.773	2157
842.69	2118
842.607	2181
842.525	2151
842.442	2208
842.36	2097
842.277	2141
842.195	2039
842.112	2045
842.03	2050
841.947	2137
841.865	2019
841.782	2094
841.7	2068
841.617	1975
841.535	2118
841.452	2009
841.37	2077
841.287	2098
841.205	2021
841.122	2024
841.04	1927
840.957	2074
840.875	1995
840.792	1925
840.71	1926
840.627	1969
840.545	1979
840.463	1924
840.38	1967
840.298	1955
840.215	1816
840.133	1943
840.05	1935
839.968	1938
839.886	1945
839.803	1923
839.721	1894
839.638	1938
839.556	1946
839.474	1867
839.391	1834
839.309	1900
839.227	1826
839.144	1923
839.062	1956
838.979	1800
838.897	1937
838.815	1972
838.732	1996
838.65	1903
838.568	1917
838.485	1934
838.403	1932
838.321	1932
838.239	1875
838.156	1947
838.074	1899
837.992	2055
837.909	2027
837.827	1994
837.745	2055
837.663	1973
837.58	1905
837.498	1943
837.416	2069
837.333	1984
837.251	1973
837.169	1971
837.087	2055
837.005	2026
836.922	2003
836.84	2101
836.758	2077
836.676	2078
836.593	2098
836.511	2082
836.429	2084
836.347	2090
836.265	2128
836.182	2111
836.1	2217
836.018	2224
835.936	2154
835.854	2145
835.772	2134
835.689	2109
835.607	2133
835.525	2164
835.443	2138
835.361	2092
835.279	2103
835.197	2097
835.114	2170
835.032	2135
834.95	2262
834.868	2219
834.786	2220
834.704	2177
834.622	2239
834.54	2202
834.458	2192
834.375	2196
834.293	2284
834.211	2203
834.129	2201
834.047	2302
833.965	2229
833.883	2172
833.801	2225
833.719	2236
833.637	2281
833.555	2258
833.473	2347
833.391	2292
833.309	2303
833.227	2280
833.145	2299
833.063	2285
832.981	2272
832.899	2384
832.817	2378
832.735	2379
832.653	2402
832.571	2354
832.489	2374
832.407	2346
832.325	2442
832.243	2337
832.161	2385
832.079	2471
831.997	2474
831.915	2343
831.833	2319
831.751	2474
831.669	2307
831.588	2294
831.506	2381
831.424	2256
831.342	2362
831.26	2394
831.178	2381
831.096	2311
831.014	2264
830.932	2311
830.85	2339
830.769	2351
830.687	2163
830.605	2312
830.523	2224
830.441	2289
830.359	2166
830.277	2216
830.196	2320
830.114	2241
830.032	2254
829.95	2190
829.868	2288
829.787	2309
829.705	2158
829.623	2106
829.541	2188
829.459	2216
829.378	2204
829.296	2220
829.214	2262
829.132	2297
829.05	2219
828.969	2334
828.887	2231
828.805	2258
828.723	2262
828.642	2287
828.56	2240
828.478	2253
828.396	2306
828.315	2249
828.233	2269
828.151	2308
828.07	2253
827.988	2261
827.906	2273
827.824	2279
827.743	2332
827.661	2382
827.579	2275
827.498	2282
827.416	2239
827.334	2349
827.253	2347
827.171	2344
827.089	2291
827.008	2285
826.926	2484
826.844	2369
826.763	2270
826.681	2350
826.6	2343
826.518	2466
826.436	2330
826.355	2374
826.273	2316
826.191	2356
826.11	2393
826.028	2382
825.947	2351
825.865	2359
825.784	2333
825.702	2416
825.62	2364
825.539	2383
825.457	2454
825.376	2580
825.294	2380
825.213	2385
825.131	2508
825.05	2508
824.968	2379
824.887	2452
824.805	2454
824.723	2444
824.642	2465
824.56	2462
824.479	2569
824.397	2392
824.316	2447
824.234	2494
824.153	2510
824.072	2522
823.99	2581
823.909	2527
823.827	2565
823.746	2437
823.664	2495
823.583	2516
823.501	2501
823.42	2506
823.338	2498
823.257	2506
823.176	2516
823.094	2435
823.013	2424
822.931	2453
822.85	2621
822.769	2622
822.687	2562
822.606	2550
822.524	2560
822.443	2551
822.362	2682
822.28	2668
822.199	2656
822.117	2575
822.036	2718
821.955	2677
821.873	2683
821.792	2733
821.711	2594
821.629	2665
821.548	2588
821.467	2610
821.385	2675
821.304	2765
821.223	2670
821.142	2600
821.06	2718
820.979	2702
820.898	2738
820.816	2738
820.735	2779
820.654	2871
820.573	2706
820.491	2742
820.41	2754
820.329	2760
820.247	2774
820.166	2863
820.085	2772
820.004	2706
819.923	2760
819.841	2811
819.76	2851
819.679	2835
819.598	2780
819.516	2786
819.435	2851
819.354	2780
819.273	2805
819.192	2808
819.11	2798
819.029	2842
818.948	2694
818.867	2647
818.786	2884
818.705	2751
818.623	2773
818.542	2777
818.461	2807
818.38	2728
818.299	2750
818.218	2835
818.137	2740
818.056	2679
817.974	2708
817.893	2685
817.812	2684
817.731	2719
817.65	2776
817.569	2772
817.488	2695
817.407	2714
817.326	2654
817.245	2699
817.163	2732
817.082	2758
817.001	2685
816.92	2765
816.839	2781
816.758	2787
816.677	2748
816.596	2813
816.515	2783
816.434	2883
816.353	2812
816.272	2748
816.191	2796
816.11	2660
816.029	2770
815.948	2756
815.867	2683
815.786	2778
815.705	2765
815.624	2749
815.543	2950
815.462	2654
815.381	2755
815.3	2710
815.219	2748
815.138	2818
815.057	2855
814.976	2777
814.895	2814
814.815	2701
814.734	2781
814.653	2759
814.572	2686
814.491	2744
814.41	2640
814.329	2667
814.248	2652
814.167	2711
814.086	2794
814.006	2744
813.925	2864
813.844	2863
813.763	2752
813.682	2783
813.601	2779
813.52	2804
813.439	2835
813.359	2691
813.278	2747
813.197	2764
813.116	2757
813.035	2666
812.954	2787
812.874	2824
812.793	2847
812.712	2879
812.631	2837
812.55	2767
812.47	2958
812.389	2892
812.308	2775
812.227	2771
812.147	2742
812.066	2821
811.985	2815
811.904	2725
811.823	2866
811.743	2813
811.662	2832
811.581	2798
811.501	2685
811.42	2792
811.339	2829
811.258	2770
811.178	2881
811.097	2862
811.016	2681
810.936	2825
810.855	2808
810.774	2895
810.693	2831
810.613	2815
810.532	2823
810.451	2736
810.371	2872
810.29	2809
810.209	2822
810.129	2903
810.048	2863
809.968	2803
809.887	2905
809.806	2880
809.726	3008
809.645	2912
809.564	2929
809.484	2905
809.403	2839
809.323	2926
809.242	2782
809.161	2862
809.081	2850
809	3040
808.92	2916
808.839	2839
808.758	2959
808.678	2887
808.597	2879
808.517	2965
808.436	2878
808.356	2998
808.275	2929
808.195	2786
808.114	2962
808.034	3055
807.953	3028
807.872	2970
807.792	3094
807.711	3075
807.631	2987
807.55	2972
807.47	3009
807.389	3065
807.309	3192
807.229	3038
807.148	3159
807.068	3124
806.987	3088
806.907	3075
806.826	3146
806.746	3142
806.665	3080
806.585	3186
806.504	3206
806.424	3037
806.344	3106
806.263	3060
806.183	3029
806.102	3147
806.022	3094
805.942	3152
805.861	3078
805.781	3083
805.7	3170
805.62	3180
805.54	3045
805.459	3161
805.379	3213
805.298	3060
805.218	3114
805.138	3137
805.057	3030
804.977	3104
804.897	3083
804.816	3101
804.736	3087
804.656	3096
804.575	3032
804.495	3128
804.415	3135
804.334	3180
804.254	3145
804.174	3191
804.094	3147
804.013	3179
803.933	3202
803.853	3202
803.772	3213
803.692	3224
803.612	3318
803.532	3317
803.451	3188
803.371	3177
803.291	3274
803.211	3215
803.13	3291
803.05	3170
802.97	3329
802.89	3390
802.81	3349
802.729	3212
802.649	3364
802.569	3431
802.489	3334
802.409	3377
802.328	3343
802.248	3248
802.168	3383
802.088	3317
802.008	3326
801.928	3372
801.847	3318
801.767	3251
801.687	3370
801.607	3269
801.527	3412
801.447	3327
801.367	3329
801.286	3381
801.206	3525
801.126	3450
801.046	3464
800.966	3456
800.886	3473
800.806	3518
800.726	3640
800.646	3563
800.565	3562
800.485	3477
800.405	3372
800.325	3669
800.245	3661
800.165	3606
800.085	3640
800.005	3562
799.925	3677
799.845	3627
799.765	3709
799.685	3553
799.605	3567
799.525	3576
799.445	3631
799.365	3702
799.285	3644
799.205	3735
799.125	3656
799.045	3639
798.965	3670
798.885	3664
798.805	3624
798.725	3516
798.645	3622
798.565	3703
798.485	3634
798.405	3838
798.325	3748
798.245	3722
798.165	3708
798.085	3779
798.005	3683
797.926	3717
797.846	3732
797.766	3785
797.686	3771
797.606	3827
797.526	3854
797.446	3778
797.366	3779
797.286	3751
797.206	3742
797.127	3881
797.047	3732
796.967	3788
796.887	3811
796.807	3908
796.727	3761
796.647	3688
796.568	3650
796.488	3645
796.408	3765
796.328	3697
796.248	3732
796.168	3762
796.089	3737
796.009	3684
795.929	3638
795.849	3479
795.769	3434
795.69	3353
795.61	3221
795.53	3029
795.45	2994
795.371	2554
795.291	2474
795.211	2084
795.131	1810
795.052	1546
794.972	1410
794.892	1136
794.812	854
794.733	686
794.653	500
794.573	403
794.493	241
794.414	169
794.334	124
794.254	109
794.175	56
794.095	-4
794.015	-24
793.936	24
793.856	49
793.776	84
793.697	31
793.617	31
793.537	45
793.458	27
793.378	44
793.298	56
793.219	59
793.139	54
793.059	34
792.98	23
792.9	26
792.82	29
792.741	45
792.661	50
792.582	70
792.502	38
792.422	50
792.343	69
792.263	21
792.184	28
792.104	22
792.025	69
791.945	23
791.865	63
791.786	28
791.706	50
791.627	44
791.547	50
791.468	50
791.388	66
791.309	37
791.229	42
791.15	58
791.07	52
790.991	74
790.911	75
790.832	78
790.752	55
790.673	59
790.593	37
790.514	33
790.434	47
790.355	77
790.275	54
790.196	71
790.116	79
790.037	44
789.958	68
789.878	62
789.799	77
789.719	50
789.64	47
789.56	53
789.481	90
789.402	69
789.322	78
789.243	63
789.163	42
789.084	63
789.005	77
788.925	48
788.846	16
788.766	64
788.687	50
788.608	56
788.528	79
788.449	54
788.37	76
788.29	45
788.211	83
788.132	61
788.052	53
787.973	68
787.894	82
787.814	71
787.735	83
787.656	82
787.576	88
787.497	20
787.418	86
787.339	41
787.259	44
787.18	65
787.101	54
787.022	56
786.942	88
786.863	64
786.784	65
786.705	52
786.625	56
786.546	60
786.467	39
786.388	25
786.308	46
786.229	28
786.15	53
786.071	68
785.992	47
785.912	68
785.833	68
785.754	65
785.675	20
785.596	64
785.516	43
785.437	72
785.358	68
785.279	46
785.2	86
785.121	58
785.041	66
784.962	46
784.883	50
784.804	41
784.725	48
784.646	55
784.567	65
784.488	59
784.408	37
784.329	7
784.25	77
784.171	73
784.092	81
784.013	54
783.934	23
783.855	89
783.776	62
783.697	33
783.618	59
783.539	47
783.46	82
783.381	59
783.302	41
783.222	61
783.143	35
783.064	112
782.985	52
782.906	41
782.827	64
782.748	55
782.669	81
782.59	37
782.511	45
782.432	67
782.353	80
782.274	89
782.195	62
782.116	41
782.038	34
781.959	69
781.88	67
781.801	85
781.722	49
781.643	71
781.564	59
781.485	84
781.406	73
781.327	66
781.248	47
781.169	54
781.09	51
781.011	41
780.933	52
780.854	33
780.775	26
780.696	60
780.617	57
780.538	63
780.459	73
780.38	96
780.302	105
780.223	74
780.144	47
780.065	70
779.986	53
779.907	89
779.829	77
779.75	41
779.671	88
779.592	44
779.513	76
779.434	58
779.356	89
779.277	70
779.198	99
779.119	73
779.041	55
778.962	21
778.883	71
778.804	63
778.725	83
778.647	66
778.568	78
778.489	67
778.41	66
778.332	88
778.253	70
778.174	56
778.096	54
778.017	48
777.938	86
777.859	100
777.781	44
777.702	39
777.623	59
777.545	80
777.466	77
777.387	86
777.309	86
777.23	65
777.151	91
777.073	76
776.994	52
776.915	72
776.837	34
776.758	113
776.679	110
776.601	51
776.522	120
776.443	71
776.365	52
776.286	92
776.208	41
776.129	80
776.05	134
775.972	162
775.893	250
775.815	299
775.736	436
775.658	682
775.579	903
775.5	1259
775.422	1574
775.343	1942
775.265	2285
775.186	2550
775.108	3064
775.029	3277
774.951	3807
774.872	4007
774.794	4198
774.715	4625
774.637	4609
774.558	4837
774.48	5024
774.401	5058
774.323	5204
774.244	5121
774.166	5250
774.087	5188
774.009	5231
773.93	5357
773.852	5279
773.773	5661
773.695	5402
773.616	5611
773.538	5248
773.459	5396
773.381	5465
773.303	5384
773.224	5387
773.146	5447
773.067	5337
772.989	5309
772.91	5248
772.832	5290
772.754	5262
772.675	5570
772.597	5366
772.519	5320
772.44	5312
772.362	5433
772.283	5435
772.205	5384
772.127	5442
772.048	5323
771.97	5566
771.892	5301
771.813	5278
771.735	5483
771.657	5514
771.578	5603
771.5	5750
771.422	5613
771.343	5522
771.265	5716
771.187	5685
771.108	5752
771.03	5685
770.952	5631
770.874	5595
770.795	5643
770.717	5589
770.639	5669
770.561	5685
770.482	5586
770.404	5730
770.326	5733
770.248	5483
770.169	5531
770.091	5852
770.013	5569
769.935	5750
769.856	5582
769.778	5566
769.7	5728
769.622	5828
769.544	5734
769.465	5915
769.387	5942
769.309	5860
769.231	5686
769.153	5950
769.074	6076
768.996	5937
768.918	6043
768.84	5958
768.762	5922
768.684	5885
768.606	5998
768.527	5942
768.449	5911
768.371	5973
768.293	6233
768.215	6106
768.137	6108
768.059	5939
767.981	5809
767.903	6131
767.824	6058
767.746	6055
767.668	6094
767.59	5911
767.512	6108
767.434	6051
767.356	6218
767.278	5974
767.2	6083
767.122	6274
767.044	6176
766.966	6146
766.888	6095
766.81	6200
766.732	6347
766.654	6354
766.576	6261
766.498	6363
766.42	6340
766.342	6398
766.264	6303
766.186	6225
766.108	6497
766.03	6457
765.952	6314
765.874	6474
765.796	6506
765.718	6303
765.64	6230
765.562	6403
765.484	6297
765.406	6267
765.328	6321
765.25	6264
765.172	6590
765.094	6303
765.016	6297
764.938	6225
764.86	6237
764.783	6120
764.705	6369
764.627	6014
764.549	6149
764.471	6275
764.393	6417
764.315	6381
764.237	6454
764.159	6400
764.082	6436
764.004	6351
763.926	6432
763.848	6351
763.77	6512
763.692	6363
763.614	6436
763.537	6567
763.459	6471
763.381	6279
763.303	6354
763.225	6294
763.148	6334
763.07	6360
762.992	6321
762.914	6317
762.836	6362
762.759	6438
762.681	6296
762.603	6330
762.525	6289
762.448	6415
762.37	6312
762.292	6333
762.214	6280
762.137	6329
762.059	6452
761.981	6436
761.903	6395
761.826	6439
761.748	6421
761.67	6700
761.592	6527
761.515	6461
761.437	6573
761.359	6518
761.282	6563
761.204	6628
761.126	6525
761.049	6636
760.971	6456
760.893	6640
760.816	6672
760.738	6479
760.66	6634
760.583	6709
760.505	6435
760.427	6627
760.35	6485
760.272	6548
760.195	6657
760.117	6672
760.039	6788
759.962	6861
759.884	6743
759.806	6794
759.729	6818
759.651	6817
759.574	6619
759.496	6634
759.419	6852
759.341	7016
759.263	6897
759.186	6935
759.108	6981
759.031	7141
758.953	7075
758.876	6915
758.798	7016
758.721	7072
758.643	6936
758.566	7169
758.488	6986
758.411	6982
758.333	7017
758.256	7090
758.178	7040
758.101	7297
758.023	7115
757.946	7011
757.868	6993
757.791	7166
757.713	7452
757.636	7289
757.558	7358
757.481	7218
757.403	7319
757.326	7259
757.248	7537
757.171	7391
757.094	7459
757.016	7378
756.939	7338
756.861	7395
756.784	7431
756.706	7345
756.629	7356
756.552	7402
756.474	7339
756.397	7374
756.32	7476
756.242	7303
756.165	7253
756.087	7222
756.01	7110
755.933	7205
755.855	7270
755.778	7383
755.701	7246
755.623	7214
755.546	7112
755.469	7196
755.391	6925
755.314	7095
755.237	7137
755.159	7124
755.082	7059
755.005	7099
754.927	7201
754.85	7268
754.773	7094
754.696	7207
754.618	7190
754.541	7343
754.464	7318
754.386	7299
754.309	7295
754.232	7204
754.155	7451
754.077	7456
754	7440
753.923	7518
753.846	7474
753.769	7434
753.691	7474
753.614	7600
753.537	7590
753.46	7604
753.383	7591
753.305	7659
753.228	7532
753.151	7387
753.074	7613
752.997	7609
752.919	7485
752.842	7531
752.765	7689
752.688	7857
752.611	7667
752.534	7693
752.456	7696
752.379	7989
752.302	7920
752.225	7686
752.148	7775
752.071	7772
751.994	7880
751.917	7765
751.839	7826
751.762	7732
751.685	7690
751.608	8015
751.531	7965
751.454	7840
751.377	7775
751.3	7819
751.223	7816
751.146	7856
751.069	7705
750.992	7750
750.915	7880
750.838	7687
750.761	7782
750.684	7764
750.606	7786
750.529	7654
750.452	7702
750.375	7861
750.298	7836
750.221	7777
750.144	7706
750.067	7917
749.99	7853
749.913	7808
749.836	7845
749.759	7934
749.683	7924
749.606	7767
749.529	8140
749.452	7992
749.375	7944
749.298	8016
749.221	7925
749.144	8052
749.067	7845
748.99	8203
748.913	7899
748.836	7880
748.759	7884
748.682	7872
748.605	7811
748.529	8023
748.452	7791
748.375	7956
748.298	8149
748.221	8035
748.144	8074
748.067	7995
747.99	8122
747.914	8092
747.837	8136
747.76	8276
747.683	8316
747.606	8242
747.529	8168
747.452	8457
747.376	8285
747.299	8330
747.222	8243
747.145	8389
747.068	8386
746.992	8321
746.915	8553
746.838	8389
746.761	8602
746.684	8535
746.608	8567
746.531	8517
746.454	8802
746.377	8628
746.301	8252
746.224	8613
746.147	8514
746.07	8524
745.994	8442
745.917	8229
745.84	8330
745.763	8167
745.687	8277
745.61	8448
745.533	8346
745.457	8339
745.38	8299
745.303	8484
745.226	8533
745.15	8315
745.073	8523
744.996	8504
744.92	8511
744.843	8542
744.766	8710
744.69	8705
744.613	8681
744.536	8706
744.46	8801
744.383	8652
744.307	8916
744.23	8767
744.153	8820
744.077	8821
744	8857
743.923	8953
743.847	8724
743.77	8842
743.694	8957
743.617	8933
743.54	9007
743.464	8845
743.387	8940
743.311	8838
743.234	8957
743.158	9037
743.081	8981
743.004	8836
742.928	8925
742.851	8748
742.775	8946
742.698	8884
742.622	9159
742.545	8953
742.469	9014
742.392	8856
742.316	8952
742.239	8917
742.163	9103
742.086	8930
742.01	8861
741.933	8922
741.857	8991
741.78	8819
741.704	9059
741.627	8992
741.551	9059
741.474	8833
741.398	9039
741.322	9026
741.245	8833
741.169	8827
741.092	8872
741.016	8814
740.939	8733
740.863	8794
740.787	8633
740.71	8810
740.634	8808
740.557	8970
740.481	8967
740.405	8779
740.328	8948
740.252	9045
740.175	8927
740.099	9236
740.023	9076
739.946	9152
739.87	9172
739.794	9315
739.717	9175
739.641	9255
739.565	9313
739.488	9343
739.412	9406
739.336	9334
739.259	9227
739.183	9578
739.107	9401
739.03	9433
738.954	9487
738.878	9395
738.801	9477
738.725	9345
738.649	9219
738.573	9384
738.496	9203
738.42	9476
738.344	9457
738.268	9404
738.191	9477
738.115	9643
738.039	9361
737.963	9462
737.886	9237
737.81	9480
737.734	9365
737.658	9490
737.582	9134
737.505	9298
737.429	9417
