341.812	3	-1
342.597	-1	6
343.382	1	0
344.167	1	0
344.952	8	35
345.737	5	30
346.522	4	39
347.307	9	34
348.092	4	37
348.877	6	40
349.662	9	38
350.447	5	43
351.232	10	42
352.016	5	44
352.801	7	45
353.586	8	47
354.37	9	50
355.155	7	53
355.939	4	53
356.723	9	53
357.508	4	56
358.292	11	58
359.076	7	60
359.861	6	63
360.645	14	63
361.429	7	72
362.213	9	69
362.997	11	73
363.781	10	82
364.565	12	84
365.348	10	80
366.132	12	88
366.916	15	90
367.7	16	92
368.483	13	99
369.267	13	97
370.05	15	108
370.834	16	113
371.617	14	118
372.401	17	124
373.184	16	132
373.967	17	131
374.751	15	141
375.534	20	154
376.317	19	152
377.1	23	166
377.883	18	173
378.666	19	175
379.449	23	186
380.232	26	189
381.015	27	195
381.797	24	202
382.58	40	220
383.363	52	227
384.145	65	243
384.928	98	238
385.71	127	253
386.493	160	268
387.275	192	282
388.058	226	287
388.84	253	298
389.622	284	305
390.404	297	314
391.186	324	337
391.968	338	351
392.75	358	353
393.532	374	360
394.314	390	371
395.096	413	388
395.878	422	405
396.66	437	423
397.442	453	433
398.223	456	438
399.005	470	454
399.786	492	480
400.568	504	492
401.349	529	502
402.131	532	523
402.912	557	533
403.693	564	551
404.475	578	564
405.256	591	563
406.037	605	591
406.818	621	607
407.599	655	628
408.38	660	645
409.161	687	659
409.942	699	672
410.723	701	698
411.503	724	722
412.284	739	736
413.065	765	743
413.845	785	754
414.626	791	782
415.406	812	804
416.187	839	835
416.967	859	853
417.748	875	855
418.528	887	881
419.308	911	899
420.088	937	939
420.868	944	948
421.648	967	983
422.428	984	987
423.208	1001	1005
423.988	1027	1034
424.768	1050	1051
425.548	1077	1093
426.327	1099	1092
427.107	1113	1118
427.887	1135	1130
428.666	1173	1163
429.446	1187	1189
430.225	1216	1240
431.005	1238	1255
431.784	1256	1267
432.563	1273	1283
433.343	1301	1330
434.122	1324	1365
434.901	1358	1377
435.68	1405	1401
436.459	1406	1419
437.238	1438	1431
438.017	1462	1470
438.796	1497	1487
439.574	1514	1553
440.353	1550	1544
441.132	1582	1593
441.91	1603	1646
442.689	1623	1665
443.467	1654	1678
444.246	1691	1725
445.024	1720	1762
445.803	1761	1774
446.581	1790	1802
447.359	1816	1830
448.137	1849	1855
448.915	1899	1857
449.694	1923	1891
450.472	1970	1956
451.249	1978	2005
452.027	2015	2026
452.805	2059	2049
453.583	2091	2096
454.361	2121	2139
455.138	2175	2160
455.916	2196	2230
456.693	2209	2268
457.471	2290	2259
458.248	2316	2279
459.026	2384	2398
459.803	2410	2392
460.58	2458	2427
461.358	2495	2429
462.135	2528	2454
462.912	2565	2524
463.689	2614	2588
464.466	2655	2649
465.243	2732	2679
466.02	2766	2703
466.796	2827	2704
467.573	2853	2793
468.35	2895	2858
469.126	2928	2861
469.903	2995	2837
470.679	3061	2883
471.456	3094	2894
472.232	3137	3004
473.009	3170	3079
473.785	3237	3087
474.561	3284	3147
475.337	3328	3151
476.113	3390	3244
476.89	3434	3355
477.665	3489	3389
478.441	3533	3361
479.217	3577	3355
479.993	3642	3364
480.769	3682	3455
481.545	3759	3542
482.32	3804	3571
483.096	3848	3610
483.871	3896	3640
484.647	3972	3623
485.422	4019	3723
486.198	4083	3861
486.973	4089	3884
487.748	4181	3899
488.523	4238	3911
489.298	4296	3995
490.073	4336	4053
490.848	4393	4075
491.623	4418	4079
492.398	4486	4110
493.173	4547	4164
493.948	4569	4207
494.722	4640	4376
495.497	4705	4393
496.272	4747	4428
497.046	4777	4469
497.821	4825	4567
498.595	4877	4611
499.369	4914	4715
500.144	4943	4696
500.918	4989	4657
501.692	5069	4711
502.466	5084	4755
503.24	5105	4876
504.014	5172	4963
504.788	5164	4955
505.562	5182	4943
506.336	5233	5013
507.109	5294	5130
507.883	5312	5233
508.657	5353	5311
509.43	5402	5289
510.204	5406	5321
510.977	5441	5369
511.75	5480	5423
512.524	5491	5539
513.297	5550	5595
514.07	5580	5555
514.843	5599	5590
515.616	5645	5703
516.389	5673	5808
517.162	5704	5861
517.935	5763	5896
518.708	5831	5979
519.481	5899	6054
520.253	5928	6114
521.026	5962	6231
521.799	5968	6209
522.571	5991	6224
523.344	6044	6272
524.116	6111	6348
524.888	6122	6444
525.661	6148	6589
526.433	6197	6555
527.205	6209	6622
527.977	6240	6708
528.749	6218	6749
529.521	6276	6813
530.293	6319	6935
531.065	6300	7049
531.837	6390	7027
532.608	6437	7027
533.38	6454	7085
534.151	6469	7256
534.923	6464	7236
535.694	6459	7262
536.466	6505	7349
537.237	6542	7345
538.008	6618	7531
538.78	6649	7646
539.551	6689	7670
540.322	6712	7701
541.093	6725	7752
541.864	6749	7835
542.635	6739	7901
543.406	6767	7924
544.176	6782	7980
544.947	6830	8023
545.718	6896	8068
546.488	6918	8120
547.259	6941	8275
548.029	6964	8260
548.8	6971	8328
549.57	6970	8462
550.34	7004	8546
551.11	6999	8571
551.881	7039	8668
552.651	7103	8659
553.421	7113	8741
554.191	7141	8841
554.96	7199	8714
555.73	7186	8839
556.5	7176	8850
557.27	7162	8987
558.039	7189	9060
558.809	7235	9138
559.578	7323	9280
560.348	7315	9241
561.117	7334	9406
561.887	7414	9473
562.656	7411	9539
563.425	7443	9533
564.194	7492	9622
564.963	7435	9633
565.732	7464	9632
566.501	7510	9627
567.27	7453	9598
568.039	7493	9842
568.807	7552	9724
569.576	7567	9924
570.345	7597	9898
571.113	7592	10154
571.882	7600	10188
572.65	7604	10255
573.418	7620	10373
574.187	7614	10179
574.955	7580	10359
575.723	7594	10274
576.491	7653	10496
577.259	7613	10604
578.027	7599	10585
578.795	7692	10483
579.563	7717	10719
580.33	7723	10767
581.098	7722	10851
581.866	7766	10965
582.633	7744	11025
583.401	7732	11026
584.168	7744	11031
584.936	7706	11093
585.703	7725	11242
586.47	7699	11344
587.237	7712	11321
588.004	7696	11203
588.771	7685	11299
589.538	7777	11368
590.305	7759	11463
591.072	7779	11660
591.839	7770	11580
592.606	7743	11588
593.372	7742	11642
594.139	7729	11672
594.905	7725	11737
595.672	7740	11956
596.438	7726	11847
597.204	7723	11870
597.971	7795	11915
598.737	7783	12059
599.503	7775	12107
600.269	7791	12169
601.035	7802	12240
601.801	7741	12191
602.566	7754	12322
603.332	7707	12307
604.098	7718	12586
604.864	7688	12689
605.629	7674	12493
606.395	7722	12466
607.16	7775	12501
607.925	7783	12688
608.691	7790	12755
609.456	7848	12773
610.221	7825	12838
610.986	7801	12908
611.751	7793	12837
612.516	7701	12859
613.281	7678	13010
614.046	7709	13024
614.811	7694	13055
615.575	7715	13142
616.34	7742	13049
617.104	7812	13086
617.869	7792	13374
618.633	7823	13455
619.398	7853	13399
620.162	7803	13459
620.926	7806	13302
621.69	7729	13500
622.454	7716	13735
623.218	7646	13553
623.982	7615	13615
624.746	7663	13416
625.51	7643	13549
626.274	7684	13762
627.037	7708	13837
627.801	7721	13793
628.564	7774	13928
629.328	7738	13883
630.091	7693	14093
630.854	7680	14356
631.618	7658	14175
632.381	7599	14260
633.144	7604	14070
633.907	7573	13811
634.67	7584	14174
635.433	7631	14324
636.196	7600	14071
636.958	7628	14378
637.721	7616	14470
638.484	7639	14320
639.246	7619	14416
640.009	7600	14661
640.771	7594	14562
641.533	7574	14760
642.296	7496	14324
643.058	7531	14465
643.82	7546	14694
644.582	7531	14803
645.344	7504	14788
646.106	7566	14880
646.868	7607	14934
647.63	7578	15078
648.391	7590	15347
649.153	7612	15028
649.914	7623	15463
650.676	7609	15134
651.437	7602	15284
652.199	7548	15106
652.96	7585	15293
653.721	7532	15502
654.482	7472	15418
655.243	7428	15720
656.004	7446	15256
656.765	7485	15415
657.526	7435	15583
658.287	7391	15878
659.048	7432	15747
659.808	7415	15712
660.569	7424	15225
661.329	7397	15504
662.09	7339	15905
662.85	7326	15744
663.61	7351	15872
664.371	7347	15876
665.131	7365	15676
665.891	7346	15625
666.651	7322	15811
667.411	7299	15828
668.171	7297	16137
668.93	7261	15917
669.69	7239	15559
670.45	7260	15597
671.209	7206	15928
671.969	7219	16029
672.728	7161	16241
673.488	7204	16076
674.247	7195	16010
675.006	7185	15764
675.765	7242	16127
676.524	7211	16195
677.283	7208	16448
678.042	7231	16200
678.801	7166	15862
679.56	7118	16012
680.319	7123	16134
681.077	7158	16233
681.836	7146	16333
682.594	7130	16569
683.353	7095	16239
684.111	7044	16593
684.869	7081	16120
685.627	7058	16368
686.386	7034	16367
687.144	7008	16238
687.902	7022	16119
688.659	6983	16056
689.417	6975	16540
690.175	6942	16313
690.933	6899	16495
691.69	6916	16295
692.448	6835	16185
693.205	6775	16242
693.963	6728	16447
694.72	6716	16374
695.477	6724	16211
696.234	6704	16147
696.992	6733	16366
697.749	6671	16220
698.505	6645	16344
699.262	6699	16345
700.019	6743	16356
700.776	6681	16359
701.533	6686	16387
702.289	6648	15589
703.046	6618	15933
703.802	6585	16388
704.558	6555	16429
705.315	6527	16282
706.071	6499	15739
706.827	6398	16152
707.583	6344	16288
708.339	6366	16373
709.095	6380	16083
709.851	6363	15970
710.607	6299	15834
711.362	6315	15870
712.118	6374	15988
712.873	6401	15919
713.629	6436	16173
714.384	6388	15864
715.139	6314	15660
715.895	6254	16006
716.65	6254	16142
717.405	6254	15937
718.16	6228	15657
718.915	6150	16053
719.67	6020	15584
720.425	6002	15396
721.179	6019	15571
721.934	6027	15454
722.688	6007	15684
723.443	5957	15598
724.197	5909	15522
724.952	5910	15551
725.706	5995	15866
726.46	5984	15617
727.214	5977	15386
727.968	5931	15534
728.722	5905	15594
729.476	5865	15659
730.23	5857	15094
730.983	5814	15495
731.737	5745	15372
732.491	5674	15428
733.244	5677	15325
733.998	5643	15488
734.751	5557	15348
735.504	5513	15216
736.257	5606	15317
737.01	5659	15070
737.763	5580	14874
738.516	5531	15334
739.269	5494	14699
740.022	5563	14982
740.775	5652	15033
741.527	5582	15282
742.28	5472	14697
743.033	5399	14713
743.785	5411	14755
744.537	5451	15066
745.29	5440	14667
746.042	5368	14517
746.794	5331	14773
747.546	5251	14851
748.298	5276	14376
749.05	5295	14782
749.801	5285	14682
750.553	5317	14606
751.305	5245	14355
752.056	5211	14538
752.808	5193	14300
753.559	5160	14616
754.311	5157	14492
755.062	5145	13924
755.813	5151	14250
756.564	5113	14208
757.315	5077	13777
758.066	5079	14460
758.817	5048	14362
759.568	4983	14110
760.318	4973	14076
761.069	4925	14083
761.82	4861	13992
762.57	4844	14109
763.321	4812	13582
764.071	4825	13823
764.821	4791	13975
765.571	4789	13573
766.321	4775	13695
767.071	4750	13879
767.821	4751	13688
768.571	4713	14007
769.321	4693	14188
770.07	4687	13661
770.82	4693	13521
771.57	4695	14237
772.319	4632	13572
773.068	4563	13222
773.818	4490	13132
774.567	4419	13362
775.316	4325	12758
776.065	4353	13234
776.814	4404	13705
777.563	4440	13779
778.312	4433	13728
779.061	4405	13431
779.809	4370	12999
780.558	4260	13074
781.306	4181	12452
782.055	4170	12710
782.803	4117	12786
783.551	4174	13119
784.299	4205	13079
785.047	4216	13155
785.795	4222	12857
786.543	4175	12813
787.291	4072	12658
788.039	4006	12487
788.787	3957	12414
789.534	3935	12790
790.282	3921	12796
791.029	3945	12767
791.777	3992	12928
792.524	3964	12607
793.271	3918	12359
794.018	3875	11948
794.765	3779	11943
795.512	3685	11725
796.259	3621	11873
797.006	3605	12185
797.753	3645	11687
798.499	3676	12369
799.246	3725	12068
799.992	3782	12459
800.739	3795	12372
801.485	3734	12052
802.231	3688	11573
802.978	3587	11470
803.724	3515	11448
804.47	3488	11410
805.216	3464	11829
805.961	3457	11395
806.707	3472	12172
807.453	3490	11906
808.198	3492	11636
808.944	3480	11339
809.689	3453	11443
810.435	3406	11597
811.18	3395	11466
811.925	3367	11537
812.67	3396	11090
813.415	3340	11148
814.16	3326	10931
814.905	3347	11248
815.65	3294	11243
816.394	3299	11155
817.139	3262	11314
817.883	3234	10937
818.628	3218	11335
819.372	3161	10533
820.117	3152	10557
820.861	3139	10575
821.605	3124	10810
822.349	3129	10869
823.093	3112	10520
823.837	3095	10723
824.58	3047	10487
825.324	3047	10895
826.068	3085	10568
826.811	3088	10593
827.555	3112	10683
828.298	3057	10515
829.041	3026	10440
829.785	2950	9891
830.528	2951	10241
831.271	2950	10195
832.014	2970	10412
832.756	2992	10306
833.499	2985	10477
834.242	2927	10260
834.985	2866	10161
835.727	2842	9927
836.469	2841	10046
837.212	2840	10384
837.954	2837	10028
838.696	2862	10088
839.438	2828	9798
840.18	2779	9708
840.922	2717	9459
841.664	2707	9389
842.406	2728	9740
843.148	2737	9752
843.889	2794	10116
844.631	2800	9911
845.372	2819	9747
846.114	2829	9797
846.855	2815	9657
847.596	2758	9321
848.337	2686	9086
849.078	2640	9101
849.819	2601	8968
850.56	2621	8980
851.301	2617	9242
852.041	2629	9339
852.782	2651	9689
853.522	2714	9649
854.263	2712	9399
855.003	2714	9657
855.743	2696	9390
856.483	2618	9048
857.224	2572	8788
857.964	2516	8702
858.703	2467	8750
859.443	2442	8579
860.183	2505	8992
860.923	2540	9101
861.662	2544	9059
862.402	2562	8987
863.141	2563	8667
863.88	2569	8540
864.62	2531	8506
865.359	2524	8610
866.098	2503	8549
866.837	2494	8721
867.576	2483	8651
868.314	2487	8619
869.053	2503	8666
869.792	2516	8673
870.53	2485	8643
871.269	2470	8499
872.007	2469	8445
872.745	2438	8161
873.483	2419	8350
874.222	2378	8291
874.96	2402	8257
875.698	2416	8367
876.435	2404	8375
877.173	2376	8415
877.911	2358	8165
878.648	2397	8131
879.386	2383	8098
880.123	2357	8154
880.861	2338	7975
881.598	2339	7858
882.335	2358	7923
883.072	2382	7927
883.809	2397	8031
884.546	2395	8009
885.283	2361	7808
886.019	2340	7767
886.756	2325	7542
887.492	2319	7728
888.229	2307	7502
888.965	2330	7900
889.702	2297	7820
890.438	2313	7842
891.174	2272	7481
891.91	2288	7440
892.646	2234	7370
893.382	2224	7366
894.117	2226	7426
894.853	2228	7491
895.589	2217	7475
896.324	2179	7446
897.059	2205	7309
897.795	2220	7390
898.53	2191	7377
899.265	2181	7285
900	2206	7313
900.735	2198	7051
901.47	2213	7089
902.205	2180	6965
902.939	2169	7056
903.674	2145	6887
904.408	2132	7097
905.143	2116	6990
905.877	2125	6848
906.611	2145	6793
907.346	2148	6888
908.08	2124	7058
908.814	2101	6881
909.547	2120	6719
910.281	2066	6472
911.015	2051	6529
911.749	2034	6508
912.482	2031	6429
913.216	2000	6676
913.949	2023	6560
914.682	1992	6566
915.415	1984	6449
916.148	2004	6800
916.881	2014	6552
917.614	2025	6601
918.347	2029	6307
919.08	2036	6322
919.812	2012	6128
920.545	1973	6074
921.277	1974	5973
922.01	1936	6110
922.742	1932	5975
923.474	1881	5940
924.206	1889	5850
924.938	1887	5762
925.67	1868	5870
926.402	1871	5839
927.134	1859	5913
927.865	1864	5843
928.597	1882	5800
929.328	1858	5688
930.06	1838	5580
930.791	1840	5594
931.522	1813	5514
932.253	1777	5461
932.984	1742	5387
933.715	1713	5342
934.446	1700	5416
935.177	1716	5330
935.907	1717	5405
936.638	1727	5384
937.368	1718	5433
938.099	1717	5359
938.829	1732	5269
939.559	1726	5173
940.289	1728	5185
941.019	1714	5133
941.749	1699	5074
942.479	1677	4967
943.209	1645	4837
943.938	1632	4695
944.668	1606	4642
945.397	1577	4661
946.127	1574	4841
946.856	1566	4802
947.585	1539	4681
948.314	1572	4608
949.043	1559	4626
949.772	1576	4750
950.501	1566	4709
951.23	1558	4672
951.958	1543	4527
952.687	1546	4525
953.415	1526	4451
954.144	1506	4324
954.872	1504	4304
955.6	1437	4154
956.328	1431	3993
957.056	1392	4032
957.784	1378	3924
958.512	1359	4015
959.24	1353	4070
959.967	1389	4178
960.695	1382	4036
961.422	1407	4095
962.149	1381	3928
962.877	1376	3863
963.604	1366	3819
964.331	1358	3883
965.058	1337	3839
965.785	1323	3757
966.511	1291	3706
967.238	1284	3605
967.965	1276	3555
968.691	1252	3519
969.418	1256	3503
970.144	1244	3528
970.87	1225	3466
971.596	1215	3398
972.322	1205	3337
973.048	1180	3274
973.774	1174	3216
974.5	1138	3317
975.225	1147	3361
975.951	1150	3298
976.676	1149	3219
977.402	1154	3168
978.127	1104	3141
978.852	1102	3057
979.577	1076	2999
980.302	1047	2934
981.027	1033	2874
981.752	1003	2783
982.477	983	2745
983.201	995	2767
983.926	996	2827
984.65	991	2798
985.374	985	2727
986.099	980	2680
986.823	956	2655
987.547	946	2628
988.271	952	2605
988.995	914	2543
989.718	905	2487
990.442	899	2448
991.166	870	2394
991.889	868	2365
992.612	856	2396
993.336	849	2415
994.059	846	2360
994.782	838	2318
995.505	834	2242
996.228	816	2212
996.951	813	2196
997.673	799	2149
998.396	781	2168
999.119	770	2163
999.841	768	2116
1000.56	746	2105
1001.29	741	2113
1002.01	749	2087
1002.73	730	2049
1003.45	714	2012
1004.17	704	1963
1004.9	711	1910
1005.62	691	1889
1006.34	678	1865
1007.06	669	1850
1007.78	666	1815
1008.5	666	1840
1009.22	665	1800
1009.94	657	1792
1010.67	643	1726
1011.39	650	1701
1012.11	624	1690
1012.83	615	1662
1013.55	603	1613
1014.27	591	1570
1014.99	570	1548
1015.71	561	1493
1016.43	546	1489
1017.15	550	1456
1017.87	529	1447
1018.59	519	1421
1019.31	507	1358
1020.03	509	1312
1020.75	499	1317
1021.47	500	1326
1022.19	496	1331
1022.91	483	1291
1023.63	473	1274
1024.35	466	1246
1025.06	453	1210
1025.78	445	1177
1026.5	426	1141
1027.22	422	1114
1027.94	409	1102
1028.66	407	1070
1029.38	400	1042
1030.1	395	1039
1030.81	384	1040
1031.53	378	1012
1032.25	386	973
1032.97	374	962
1033.69	359	943
1034.4	347	891
1035.12	333	849
1035.84	330	846
1036.56	327	850
1037.27	316	833
1037.99	309	810
1038.71	308	785
1039.42	304	782
1040.14	295	742
1040.86	290	738
1041.58	276	692
1042.29	272	683
1043.01	260	659
1043.73	247	647
1044.44	253	627
1045.16	252	630
1045.87	236	636
1046.59	238	630
1047.31	233	587
1048.02	223	563
1048.74	214	546
1049.45	214	532
1050.17	196	520
1050.88	194	497
1051.6	195	504
1052.32	183	500
1053.03	184	477
1053.75	178	456
1054.46	180	445
1055.18	169	429
1055.89	170	420
1056.6	157	409
1057.32	152	400
1058.03	155	402
1058.75	149	404
1059.46	148	385
1060.18	148	379
1060.89	143	376
1061.6	144	365
1062.32	136	351
1063.03	130	343
1063.75	131	332
1064.46	130	341
1065.17	131	330
1065.89	127	319
1066.6	126	313
1067.31	124	311
1068.03	115	292
1068.74	116	281
1069.45	108	274
1070.16	108	279
1070.88	103	277
1071.59	104	267
1072.3	110	270
1073.01	95	273
1073.73	98	259
1074.44	102	251
1075.15	99	242
1075.86	95	242
1076.58	87	241
1077.29	85	227
1078	89	220
1078.71	87	212
1079.42	77	217
1080.13	84	218
1080.84	80	209
1081.56	79	202
1082.27	74	195
1082.98	74	194
1083.69	78	193
1084.4	77	189
1085.11	71	182
1085.82	68	181
1086.53	69	183
1087.24	70	176
1087.95	68	166
1088.66	64	169
1089.37	58	163
1090.08	61	160
1090.79	62	160
1091.5	60	151
1092.21	63	149
1092.92	57	147
1093.63	58	139
1094.34	59	139
1095.05	59	137
1095.76	52	137
1096.47	58	130
1097.17	58	135
1097.88	52	129
1098.59	50	128
1099.3	51	125
1100.01	52	120
1100.72	55	119
1101.43	46	114
1102.13	50	112
1102.84	51	113
1103.55	49	113
1104.26	50	111
1104.97	47	108
1105.67	43	100
1106.38	47	98
1107.09	46	95
1107.8	44	97
1108.5	40	96
1109.21	43	91
1109.92	42	98
1110.62	45	95
1111.33	46	90
1112.04	45	83
1112.74	39	87
1113.45	39	82
1114.16	41	79
1114.86	41	78
1115.57	40	80
1116.28	43	78
1116.98	36	77
1117.69	38	74
1118.39	39	72
1119.1	41	70
1119.8	43	69
1120.51	42	67
1121.22	39	64
1121.92	0	2
1122.63	-3	-2
1123.33	-3	-2
1124.04	-3	-2
