1.000000000000000000e+00
9.600040812162023984e-01
9.208244056728904781e-01
8.824609733700643499e-01
8.449137843077237919e-01
8.081828384858688041e-01
7.722681359044994975e-01
7.371696765636158721e-01
7.028874604632179279e-01
6.694214876033056649e-01
6.367717579838791941e-01
6.049382716049382935e-01
5.739210284664829631e-01
5.437200285685134249e-01
5.143352719110294569e-01
4.857667584940312810e-01
4.580144883175185089e-01
4.310784613814916955e-01
4.049586776859503967e-01
3.796551372308947792e-01
3.551678400163247873e-01
3.314967860422405321e-01
3.086419753086420137e-01
2.866034078155288989e-01
2.653810835629017428e-01
2.449750025507601014e-01
2.253851647791041135e-01
2.066115702479338068e-01
1.886542189572491812e-01
1.715131109070502924e-01
1.551882460973370015e-01
1.396796245281093363e-01
1.249872461993673661e-01
1.111111111111110633e-01
9.805121926334041393e-02
8.580757065605544576e-02
7.438016528925618653e-02
6.376900316294253912e-02
5.397408427711455209e-02
4.499540863177223238e-02
3.683297622691558693e-02
2.948678706254459839e-02
2.295684113865931186e-02
1.724313845525965450e-02
1.234567901234566445e-02
8.264462809917339989e-03
4.999489847974681982e-03
2.550760126517690428e-03
9.182736455463711821e-04
1.020304050607071683e-04
1.020304050607094044e-04
9.182736455463846263e-04
2.550760126517712546e-03
4.999489847974698462e-03
8.264462809917381622e-03
1.234567901234569047e-02
1.724313845525971348e-02
2.295684113865934656e-02
2.948678706254463655e-02
3.683297622691567019e-02
4.499540863177228095e-02
5.397408427711465617e-02
6.376900316294259463e-02
7.438016528925631143e-02
8.580757065605557066e-02
9.805121926334048332e-02
1.111111111111112160e-01
1.249872461993674494e-01
1.396796245281095028e-01
1.551882460973370848e-01
1.715131109070504867e-01
1.886542189572493755e-01
2.066115702479339178e-01
2.253851647791043356e-01
2.449750025507602125e-01
2.653810835629019649e-01
2.866034078155291764e-01
3.086419753086420137e-01
3.314967860422407542e-01
3.551678400163249538e-01
3.796551372308950567e-01
4.049586776859505632e-01
4.310784613814919730e-01
4.580144883175187864e-01
4.857667584940312810e-01
5.143352719110297899e-01
5.437200285685135359e-01
5.739210284664832962e-01
6.049382716049385156e-01
6.367717579838796382e-01
6.694214876033059980e-01
7.028874604632181500e-01
7.371696765636163162e-01
7.722681359044997196e-01
8.081828384858692482e-01
8.449137843077240140e-01
8.824609733700643499e-01
9.208244056728909221e-01
9.600040812162026205e-01
1.000000000000000000e+00
