5852.49
5881.89
5944.83
5975.53
6030.0
6074.34
6096.16
6143.06
6163.59
6217.28
6266.49
6304.79
6334.43
6382.99
6402.25
6506.53
6532.88
6598.95
6678.28
6717.04
6929.4686
7024.0498
7032.4153
7051.2922
7059.1072
7064.762
7112.3075
7138.54
7173.9372
7245.1673
7304.8422
7438.897
7472.438
7488.8712
7535.7738
7544.0435
7724.6233
7833.0281
7839.052
7839.9855
7927.1174
7936.9957
7943.1806
7944.1404
8082.4578
8118.5495
8128.911
8136.4054
8248.6826
8259.3791
8266.0769
8267.1161
8300.3246
8301.557
8365.7462
8376.359
8377.606
8417.1597
8418.4269
8463.3565
8484.4432
8495.3595
8544.6953
8571.3528
8582.9031
8591.2585
8634.6471
8635.3177
8647.0412
8654.3828
8655.522
8679.4936
8681.9208
8704.1122
8767.536
8771.6575
8778.7322
8780.6222
8782.0015
8783.7543
8792.5056
8830.9067
8853.8672
8865.3058
8865.7556
8892.2315
8919.5007
8929.2503
8941.5133
8962.328
8988.5564
9036.9985
9049.086
9052.424
9052.642
9073.033
9148.672
9201.7588
9220.0598
9221.5802
9226.691
9275.5191
9300.8532
9310.5833
9313.9731
9326.5072
9373.3079
9377.2276
9425.3797
9433.0082
9459.211
9486.6825
9534.164
9547.4052
9574.002
9665.42
9823.453
9837.507
9837.507
9900.594
9900.594
9902.337
9915.195
9918.602
9918.602
9936.853
9938.352
9944.14
9945.058
9945.058
9948.061
9963.605
10005.6
10007.385
10008.685
10210.835
10224.659
10245.7132
10295.4162
10432.5909
10432.5909
10562.4089
10620.6637
10673.87
10690.457
10690.457
10758.204
10760.27
10760.27
10764.023
10766.087
10780.531
10786.286
10786.286
10790.862
10798.0427
10806.358
10808.128
10814.755
10819.819
10838.218
10844.4762
10886.277
10888.392
10891.151
11020.8794
11044.0002
11049.7221
11060.808
11120.278
11134.5095
11138.4329
11143.0198
11160.2133
11177.5227
11292.9647
11298.4416
11303.8878
11304.5457
11329.6259
11333.6873
11366.6716
11390.433
11409.1336
11522.745
11525.0203
11536.3446
11601.5369
11614.0808
11688.0028
11766.793
11789.0444
11789.8894
11979.781
11984.9139
11996.569
11997.813
12066.3341
12388.983
12408.769
12430.505
12453.3684
12459.3903
12464.1163
12473.468
12473.468
12486.7315
12486.7315
12520.2343
12537.742
12559.7621
12571.0054
12573.8231
12573.8231
12577.349
12580.144
12584.6021
12587.4256
12595.0049
12600.7778
12603.3179
12604.1773
12617.6692
12631.024
12640.3174
12642.7394
12650.9824
12658.346
12664.6063
12664.6063
12683.5329
12689.2032
12718.797
12726.785
12746.2264
12749.1248
12752.7222
12752.7222
12755.6507
12759.9494
12766.582
12766.582
12769.525
12776.652
12853.034
12864.091
12864.73
12887.163
12912.0141
12980.0736
13054.788
13058.815
13096.396
13126.171
13127.681
13145.446
13219.2426
13251.199
13296.547
13339.714
13389.29
13527.073
13585.088
13738.735
13866.305
13908.173
13970.972
14012.921
14015.9
14043.107
14074.11
14283.603
14300.8338
14342.1609
14353.3494
14384.113
14499.9217
14929.8061
14931.183
14970.774
14984.854
14986.3193
15058.9894
15074.1688
15075.0431
15083.912
15085.3103
15106.454
15125.728
15140.0981
15171.965
15174.3113
15176.335
15189.7238
15190.6122
15190.9319
15192.6365
15230.7144
15348.1896
15370.0789
15390.028
15407.593
15409.058
15431.122
15450.863
15451.2285
15466.2267
15499.484
15500.897
15604.214
15761.05
15802.647
15812.181
16022.7694
16045.498
16098.4859
16252.672
16263.592
16264.2476
16268.353
16268.9559
16346.923
16405.2557
16423.662
16468.993
16474.7531
16528.0869
16591.5089
16607.02
16609.4386
16634.0497
16667.111
16788.7921
16861.6497
16910.058
16983.9743
17112.136
17161.9348
17234.185
17294.24
17310.51
17961.168
18029.6473
18035.8121
18083.181
18083.263
18210.3066
18221.0868
18227.0157
18247.4481
18253.3198
18276.6415
18282.614
18303.9674
18359.0945
18371.441
18383.9858
18384.8256
18389.1674
18389.9366
18402.8356
18422.4016
18423.2
18458.6404
18458.6404
18475.7997
18591.541
18597.698
18618.908
18625.159
18676.08
18682.238
18898.826
18937.552
18944.644
19111.191
19573.75
19577.11
19772.462
19877.309
20355.771
20359.404
20372.201
20417.199
20421.587
20425.447
20854.446
20901.599
20910.236
20966.936
21014.614
21019.261
21023.342
21047.013
21225.899
21225.899
21331.283
21336.307
21374.55
21392.78
21392.78
21397.04
21401.81
21420.939
21427.883
21457.276
21464.337
21509.615
21534.43
21539.34
21569.002
21569.002
21582.413
21585.76
21602.349
21602.349
21626.61
21626.61
21627.71
21627.71
21638.39
21638.39
21645.61
21645.61
21645.61
21645.61
21659.251
21673.267
21673.267
21674.67
21714.039
22177.292
22253.432
22434.265
22472.92
22536.528
22667.971
22693.959
23106.784
23266.619
23379.343
23571.764
23642.934
23708.13
23714.099
23715.599
23918.541
23957.931
23962.964
23978.372
23984.701
24093.528
24098.982
24105.148
24156.486
24162.547
24168.025
24225.535
24256.224
24293.066
24316.42
24371.661
24378.26
24390.011
24395.228
24454.531
24459.078
24459.775
24466.068
24471.606
24482.8
24510.36
24532.498
24606.763
24771.4
24783.248
24796.287
24902.752
24910.521
24929.689
24935.696
24942.298
25006.628
25071.216
25084.899
25168.567
25176.147
25195.185
25234.824
25284.125
25376.263
25400.128
25438.75
25466.86
25498.245
25510.427
25531.295
25547.659
25588.111
25628.812
25638.336
25753.06
25753.37
25753.37
25760.64
25760.64
25786.665
25794.008
25845.55
25861.933
25873.469
25878.656
25879.642
25887.95
25948.961
25960.581
25982.412
25982.412
26072.823
26080.017
26088.52
26095.809
26131.288
26131.288
26162.321
26162.321
26162.321
26178.206
26178.206
26211.856
26211.856
26213.615
26213.615
26228.172
26228.172
26243.848
26243.848
26276.978
26276.978
26282.71
26282.71
26868.106
27528.25
27580.984
27826.375
27979.57
28393.944
28540.97
28752.113
29295.268
29395.843
29455.855
29495.606
29676.059
29722.119
29812.553
29939.522
29949.038
30127.143
30135.096
30138.002
30173.468
30208.732
30267.823
30275.862
30308.501
30371.786
30425.647
30472.757
30475.223
30603.119
30603.346
30639.71
30675.32
30720.023
30928.308
30975.572
31011.644
31110.469
31223.94
31868.616
32179.408
32433.342
32700.54
33182.139
33325.251
33341.79
33361.478
33520.419
33628.67
33686.444
33717.548
33722.372
33813.686
33849.869
33909.054
33912.263
33922.35
33952.413
33996.462
34140.648
34276.169
34383.05
34480.836
34499.275
34564.44
34673.121
34789.486
35217.8
35517.017
35844.581
36209.395
36481.63
37176.74
37182.25
37396.549
37746.247
39007.087
39019.95
39136.736
39137.029
39207.468
39324.462
39341.564
39386.615
39403.46
39457.774
39474.992
39518.767
39566.317
39639.886
39654.346
39669.971
39699.524
39809.128
39817.158
39840.733
39944.171
39944.482
40074.299
40091.275
40138.549
40155.856
40254.424
40254.792
40276.14
40291.835
40291.835
40314.409
40314.409
40356.667
40356.667
40425.964
40429.447
40429.447
40429.682
40457.207
40457.474
40522.294
40522.553
40522.553
40564.426
40564.426
40587.308
40587.308
40652.823
40652.823
40818.029
40827.58
40828.183
40851.083
40929.375
40935.11
40939.1
40941.6
40945.547
40950.274
40961.383
40992.01
41054.95
41172.32
42182.976
44335.8
45493.929
45796.921
47159.797
47179.303
47248.165
47588.616